 Galaxy               theta_arcsec   d_kpc  z_gal   z_Lya  Wr_HI eWr_HI Wr_SiIII eWr_SiIII Wr_SiII eWr_SiII Wr_SiIV eWr_SiIV Wr_CII eWr_CII Wr_CIV eWr_CIV     
 SDSSJ112644.33+590926.0        393.2  32.4 0.0040  0.0040    993  15 290 11  nan nan  166 12   106 12   586 12
 SDSSJ134249.99-005329.0         29.1  39.3 0.0708  0.0717    660  16 78  6    69  8    <= 16   140 14   309 24
 NGC3485                        582.5  57.6 0.0048  0.0048    506  12 <= 22    <= 11    <= 21    <= 35    <= 22
 SDSSJ144520.23+341948.1        529.0  60.6 0.0056  0.0056    962  94 <= 38    <= 20    <= 36    84 19   266 28
 2MASXJ08091327+4618424          68.6  62.7 0.0466  0.0464   1026  10 54  6    <= 11    69  7    <= 21    <= 27
 SDSSJ122815.96+014944.1       1107.1  69.5 0.0030  0.0034    393   8 <=  7    <=  4    <=  3    <=  5    <=  8
 SDSSJ121413.94+140330.4         56.6  70.1 0.0644  0.0644    859   9 <=  6    <=  4    <= 10    <= 10    <= 15
 2MASXJ043936.88-530045.5       646.1  74.3 0.0056  0.0055    518   9 152 10  nan nan   47  8    <= 17    59 10
 SDSSJ025914.53+003359.6        406.0  76.6 0.0092  0.0094    446  33 nan nan  <= 15    <= 29    <= 33    <= 39
 SDSSJ025938.43+003939.3        123.7  77.0 0.0311  0.0311    196  12 <= 21    <= 28    <= 25    <= 31    <= 31
 2MASXJ111252.05+353828.7       169.0  86.1 0.0253  0.0249   1012  30 <= 22    <= 19    <= 41    <= 34    nan nan
 ESO157-50                      335.3  88.5 0.0129  0.0129    598  21 nan nan  <= 10    <= 18    <= 16    nan nan
 SDSSJ102220.70+013143.5         43.7 105.7 0.1369  0.1373    238  12 <= 26    <= 39    <= 55      111 19 <= 55
 2MASXJ112240.02+575344.2       125.0 107.2 0.0435  0.0434    986  18 <= 18    <= 22    <= 23    <= 40    <= 67
 SDSSJ075106.01+292250.3        208.6 112.3 0.0268  0.0267    526  10 nan nan  <=  6    <=  8   nan nan   <= 18
 GALEXASCJ040751.11-121138.7     40.6 115.9 0.1669  0.167     907  3 249  2   146  3   111  4   221  4   nan nan
 SDSSJ111342.87+352902.6        998.3 120.1 0.0058  0.0060    156  26 nan nan  <= 19   nan nan  <= 52    <= 51
 SDSSJ112418.74+420323.1        247.6 122.6 0.0246  0.0245    512   9 nan nan  nan nan  <= 16    <= 15    <= 23
 SDSSJ111811.27+262309.4        705.0 135.8 0.0094 -1.0       <=  30  <= 29    <= 15    <= 21    <= 25    <= 51
 SDSSJ111906.68+211828.7         56.6 138.1 0.1381  0.1385    471   5 84  3    51  2    37  6    90  6    53 10
 [TLS98]J182202.65+642139.3      71.4 156.1 0.1215  0.1213    677  15 <=  7    <=  7    <=  8    <= 12   nan nan
 SDSSJ000545.07+160853.3        211.5 156.2 0.0372 -1.0       nan nan <=  7    <=  9    nan nan  <= 11    <= 24
 SDSSJ112303.76+580124.7        373.4 165.4 0.0219  0.0217    935  32 <= 20    <= 28    <= 40    <= 33    <= 66
 2MASXiJ095002.7+390308         131.8 166.4 0.0658  0.0669    165  12 <= 19    <= 12    <= 20    <= 25    <= 16
 SDSSJ100618.16+285641.9       1780.7 166.9 0.0045  0.0036    297  23 <= 27    <= 14    <= 21    <= 18    <= 32
 SDSSJ170615.84+604218.8        705.4 172.3 0.0119  0.012     402  24 <= 26    <= 12    <= 10    <= 13    <= 35
 SDSSJ095016.61+483006.8        178.0 178.6 0.0514  0.0513    598  28 <= 17    <= 18    <= 24   nan nan   <= 59
 2MASXJ100403.23+285649.6        75.3 179.0 0.1339  0.1336    177   9 <= 11    <= 12    <= 25    <= 30    nan nan
 SDSSJ101008.85+300252.5        110.4 180.5 0.0874  0.0875    329  12 <= 14    <= 12    nan nan nan nan   <= 31
 SDSSJ143434.58+361717.9        882.7 183.0 0.0101  0.0099    341  23 <= 35   nan nan   <= 25    <= 27    <= 57
 SDSSJ144504.37+342822.0         85.4 184.4 0.1198  0.1197    249  17 <= 25    <= 29    nan nan nan nan   <= 52
 2MASXJ072234.63+713556.3       940.6 185.9 0.0096  0.0096    448   6 nan nan  <=  4    <=  7    <=  8    <=  9
 SDSSJ152827.39+282738.6        217.3 192.7 0.0451  0.0451    160   8 <=  9   nan nan   <= 11    <= 16    <= 23
*2MASXJ00055617+1608041         113.8 192.9 0.0909  0.0909    805   8 nan nan  <=  6    <=  9    <= 28   220 13
 GALEXASCJ040743.80-121210.2     73.8 195.6 0.1524  0.153     420   5 <=  1    <=  2    <=  7    <=  4    <= 12
 2MASXJ091510.48+282456.9       406.2 205.9 0.0252  0.025     594  14 <= 18    <= 17    <= 24    <= 28    <= 46
 SDSSJ143743.01-014742.6         85.2 208.2 0.1385  0.1384    396   5 nan nan  <=  6   nan nan  nan nan   91  7
 2MASXJ092007.19+551958.3       141.2 211.8 0.0794  0.0793    239   8 nan nan  nan nan  <= 11    <= 16    nan nan
 SDSSJ112302.70+575523.5        143.3 212.7 0.0785  0.0786    326  22 nan nan  nan nan  <= 35    <= 69    nan nan
 SDSSJ112457.15+420550.8        317.1 212.9 0.0337  0.0338    198   6 <=  8    nan nan  <= 11    <= 16    <= 21
 SDSSJ111245.81+353901.7         85.8 216.0 0.1433  0.1433    280  20 <= 30    <= 31    <= 75   nan nan   <= 78
 2MASXJ093516.94+020241.0        96.7 218.0 0.1259  0.1263    459  24 <= 27    <= 25    <= 45   nan nan   <= 68
 SDSSJ124107.02+572319.0        402.3 222.0 0.0275  0.0277    591  10 <= 15    <= 28    <= 25    <= 28    nan nan
 [PWC2011a]J215506.53-092325.2   95.6 225.1 0.1325  0.1323    414   6 <=  9    <=  8    <= 18    <= 15    nan nan
 2MASXJ130520.26-103631.1       268.5 225.3 0.0425  0.0422    466   5 55  4    <=  6    27  5    26  5    83 11
 SDSSJ030004.11+003730.6        399.9 225.8 0.0281 -1.0       nan nan <= 17    <= 27    <= 33    <= 36    <= 31
 SDSSJ075108.95+291736.4        129.6 228.3 0.095   0.0949    190   7 <=  9    <=  5    <=  7    <= 13    <= 12
 SDSSJ080423.13+433457.3        285.7 230.9 0.0409  0.0409    437  24 58 12    <= 28    96 16   nan nan   155 33
 SDSSJ163231.92+373828.1        367.9 234.2 0.0319 -1.0       nan nan nan nan  <=  6    <=  8    <=  7    nan nan
 2MASXJ132209.25+464256.7       210.3 237.1 0.0582 -1.0       <=  45  <= 28    nan nan  <= 24   nan nan   <= 47
 GALEXASCJ031201.78-765518.3    208.0 238.6 0.0593  0.0595    170  11 <= 15    <=  8    <= 14    <= 26    <= 50
 2MASXJ121109.71+365506.0       163.8 240.8 0.0777  0.0777    552  21 <= 25    <= 16    <= 19    <= 26    <= 24
 SDSSJ125926.77+591734.9       1236.1 241.8 0.0095 -1.0       nan nan <= 23    <=  9    <= 13    <= 14    <= 19
 SDSSJ080338.03+432034.9        778.5 242.4 0.0153  0.0153    209  20 nan nan  <= 16    <= 45    <= 33    <= 38
 SDSSJ092617.38+452924.9        449.5 243.9 0.027   0.0261    453  10 <= 11    <=  9    <= 18    <= 15    <= 28
 SDSSJ113056.11+311445.6        176.0 249.1 0.0745  0.0744    324  11 <= 13    <=  7    <= 13    <= 19    <= 22
 2MASXJ161704.61+415200.5       217.4 251.2 0.0598 -1.0       nan nan nan nan  nan nan  nan nan  nan nan  <= 48
 2MASXJ100953.50+300202.5       122.6 252.6 0.1134  0.1137    524  15 <= 11    <= 11    <= 15    nan nan  <= 50
 SDSSJ113244.04+022824.8       3594.5 254.8 0.0034 -1.0       <=  50 nan nan  nan nan   <= 32    nan nan  <= 38
 2MASXJ120653.13+262534.4       379.7 256.4 0.0339  0.0339    122  15 <= 16    <= 25    <= 24    <= 30    <= 29
 SDSSJ143757.31+504432.0        307.5 261.0 0.0431  0.0424    261  22 <= 37    <= 39    <= 44    nan nan  <= 10
 SDSSJ083335.65+250847.1       1721.8 263.3 0.0074  0.0073    248  11 nan nan  <= 11    <= 17    nan nan  <= 31
 SDSSJ084358.51+411650.4        113.8 266.2 0.1314 -1.0       <=  56  <= 34    <= 29    <= 64    nan nan  <= 13
 SDSSJ093524.13+020509.9        104.3 271.9 0.1494  0.1494    535  30 <= 25    <= 61    nan nan  nan nan  nan nan
 2MASXJ134221.97+382650.6       171.8 273.1 0.0847  0.0848    298  14 <= 24    <= 14    <= 19    <= 34    <= 36
 SDSSJ112250.97+575335.0        137.0 275.5 0.1103  0.1104    435  18 <= 19    <= 25    nan nan  nan nan  <= 54
 SDSSJ103110.35+505211.0        114.8 278.6 0.1373  0.1374    238  10 nan nan  <= 12    nan nan  nan nan  <= 46
 SDSSJ234502.69-005552.8        225.9 280.6 0.0647  0.0649   1111  24 <= 19    <= 21    <= 26    nan nan  <= 52
 SDSSJ083607.41+250645.7        604.6 283.1 0.0232  0.0233    160  13 <= 14    <= 16    <= 16    <= 13    <= 30
 2MASXJ133027.09+311632.4       380.4 289.9 0.0384  0.0376    291  13 <= 13    <= 17    <= 17    <= 26    <= 31
 SDSSJ004214.99-104414.9        405.7 290.0 0.036  -1.0       <=   8  nan nan  nan nan  <= 23    nan nan  <= 50
 2MASXJ120427.89+275858.1       342.0 290.1 0.043   0.043     319  33 <= 24    <= 40    <= 19    <= 25    <= 43
 2MASXJ113326.13+032418.7       182.3 291.1 0.0851  0.0851    742  26 <= 39    <= 21    nan nan  <= 55    nan nan
 2MASXJ025942.96+003907.8       123.1 293.1 0.1342  0.1348    355  16 <= 22    nan nan  nan nan  nan nan  nan nan
 SDSSJ120345.06+273702.0       1278.5 293.4 0.0112  0.0106    181  23 <= 30    <= 24    <= 11    <= 42    <= 66
 NGC4939                       1395.9 296.7 0.0104 -1.0       <=  10  <= 10    <=  6    <= 19    <= 10    <=  8
 SDSSJ152840.62+282242.9        166.9 301.8 0.0978 -1.0       nan nan <= 10    <=  9    nan nan  nan nan  <= 20
 SDSSJ091225.86+095719.8       1991.9 302.8 0.0074  0.0071    188  28 nan nan  <= 27    <= 20    <= 19    <= 15
 2MASXJ123259.63-004158.0       627.6 304.1 0.024   0.0228    196  14 <= 16    <= 20    nan nan  <= 26    <= 33
 SDSSJ170325.13+603944.4        628.4 304.3 0.024  -1.0       nan nan <= 19    <= 11    <= 16    <= 20    <= 33
 2MASXJ083531.05+245607.6       221.6 307.1 0.0728 -1.0       <=  67  <= 20    <= 10    <= 16    <= 19    <= 23
 SDSSJ084555.38+413118.0       1634.8 311.0 0.0093  0.01      343  28 <= 64    <= 26    nan nan  <= 50    <= 53
 SDSSJ091532.45+300824.2       2391.1 311.5 0.0063 -1.0       <=  47  <= 41    <= 23    <= 38    <= 33    <= 39
 SDSSJ120701.76+262023.3        356.8 314.8 0.0449 -1.0       <=  29  nan nan  nan nan  <= 30    <= 17    <= 23
 ESO466-032                     924.2 321.1 0.0171  0.017     336  12 <= 11    <=  9    <= 13    <= 13    <= 19
 SDSSJ094409.09+055612.7       1583.4 328.2 0.0101 -1.0       <=  37  nan nan  <= 23    <= 36   nan nan   <= 49
 SDSSJ112517.67+590828.8        299.7 335.8 0.0578  0.0578    236  11 nan nan  <= 12    <= 14    <= 20    <= 25
 SDSSJ104901.52-003825.4       2662.9 337.5 0.0062 -1.0       <=  25  nan nan  <= 12    <= 15    <= 21    <= 26
 SDSSJ092721.06+454158.8        982.5 342.3 0.0171  0.017     183  10 nan nan  <= 16    <= 17    nan nan   <= 20
 SDSSJ114811.32+545930.4       2099.7 349.5 0.0081  0.0074    135   7 nan nan  <=  5    nan nan  <=  9    <= 11
 SDSSJ124438.60+335800.9        421.1 350.9 0.0422  0.0422    419  17 nan nan  <= 20    nan nan  <= 37    <= 43
 [PWC2011a]J215454.91-092330.8  118.2 352.3 0.176   0.1765    486   9 <=  9    <=  8    <= 22    <= 20    nan nan
 SDSSJ075111.00+291450.9        287.9 353.1 0.0638 -1.0       <=  10     <=  5 nan nan  <=  7   nan nan    <= 12
 SDSSJ101626.43+470411.1        157.2 353.1 0.1254  0.1252    299  20 nan nan  <= 21    nan nan nan nan   nan nan
 2MASXJ124145.87+571537.5       336.6 355.2 0.0543  0.0542    233  23 <= 16    <= 15    nan nan   <= 27    <= 27
 SDSSJ155106.11+361308.1       2065.6 357.0 0.0084  0.0075    109  14 nan nan  <= 10    <= 12    <=  9    <= 14
 SDSSJ123252.81-003236.4        179.6 361.9 0.1106 -1.0       <=  28     <= 18    <= 15  nan nan  nan nan    <= 47
 SDSSJ022617.97+001203.8        212.9 362.1 0.0913 -1.0       <=  51     <= 29    <= 15    <= 26    <= 36    <= 46
 SDSSJ123209.67-010543.0       2203.7 362.5 0.0080  0.0097    257  24   nan nan <= 15    <= 24    <= 26    <= 45
 SDSSJ114940.75+655543.8       3611.7 365.3 0.0049 -1.0       <=   8     <=  6    <=  4    <=  7    <=  8    <=  9
 SDSSJ113443.71+255455.4        190.5 365.5 0.1046  0.1048    741  21   nan nan  nan nan  nan nan nan nan  <= 44
 SDSSJ115042.63+543817.1        331.4 368.4 0.0574  0.0567    467   6 <=  6    <=  7    <=  9    <= 11     nan nan
 SDSSJ141925.48+420609.1        196.1 370.2 0.1027  0.1024    711  38  nan nan  <= 22     nan nan  nan nan    nan nan
 2MASXJ133050.37+311529.1       244.1 372.3 0.0809  0.0807    200  15  nan nan <= 14     nan nan  <= 45    <= 38
 SDSSJ121707.35+303836.0       6866.2 372.7 0.0026  0.0036    265  22 <= 28    nan nan  <= 28     nan nan   <= 31
 SDSSJ161845.58+334429.6        402.0 378.3 0.048   0.0481    100  12 <= 17    <= 20    nan nan   <= 18    <= 20
 [PWC2011a]J031158.58-764855.4  176.2 378.7 0.1191  0.1183    572  18 <= 16    <= 15    <= 27    <= 12     nan nan
 SDSSJ105146.64-005512.0        245.2 380.0 0.0824 -1.0       <=  23  nan nan    <= 12    <= 18    <= 32    <= 20
 SDSSJ084359.65+411443.4        211.8 381.3 0.0973  0.0977    960  40 <= 38    <= 32    nan nan    nan nan   nan nan
 2MASXJ095450.58+414859.8      2437.3 382.1 0.0076 -1.0       nan nan  nan nan  nan nan   <=  7    <=  7    <=  8
 SDSSJ000548.11+161123.4        185.9 382.9 0.1134 -1.0       <=  10     <=  8  nan nan   <= 10   nan nan    <= 15
 SDSSJ093402.38+551423.2       7245.7 384.9 0.0026 -1.0       <=  18     <=  8    <=  7    <=  8   nan nan   <=  6
 SDSSJ111843.28+212723.0        600.8 387.6 0.0323  0.0322    108   6 <=  4    nan nan  <=  3    <=  2    <= 13
 SDSSJ162152.54+332903.2       2112.6 391.6 0.0090  0.0078    565  13 nan nan   <= 10    <= 17    <= 20   nan nan
 SDSSJ140928.10+254724.3       1857.6 398.3 0.0105 -1.0      nan nan  nan nan   nan nan   <=  7    <=  7    <=  8
 2MASXJ091035.25+100827.5       356.0 398.5 0.0578  0.0579    387  55 nan nan   <= 34    <= 29    <= 51    <= 53
 2MASXiJ100427.0+284044         947.8 403.4 0.021  -1.0       nan nan   <= 18    <= 12    <= 19    <= 14    <= 30
 SDSSJ112225.88+580147.3        394.3 404.4 0.0526  0.0531    508  40 <= 17    <= 17    <= 19    <= 40    <= 38
 SDSSJ092110.81+455316.1       3149.9 406.1 0.0063 -1.0       nan nan  nan nan   <=  9    <= 21    <= 14    nan nan
 SDSSJ120839.97+454223.6        217.8 406.9 0.1015  0.1003    611   9 <=  8     nan nan   nan nan  <= 36    nan nan
 SDSSJ133108.64+311853.2        200.5 410.8 0.1127  0.1129    181  14 <= 16     nan nan  nan nan  nan nan   <= 50
 SDSSJ120731.10+255336.1       1858.0 411.2 0.0108  0.0103    365  30 <= 28     <= 18    <= 26    <= 30    <= 47
 SDSSJ110606.70+342104.9        428.3 417.0 0.0498 -1.0       <=  17  <=  9     nan nan  nan nan  <= 16    <= 23
 SDSSJ143441.66+355922.9        479.6 417.9 0.0443 -1.0       nan nan  nan nan   <= 29    <= 21  nan nan    <= 62
 2MASXJ091923.23+553137.1       659.2 418.6 0.0318  0.0317    217   6 <=  6    <=  7    <=  9    <=  7    <= 20
 SDSSJ123757.78+571343.9       1965.6 419.8 0.0104 -1.0       nan nan  <= 18    <= 14    <= 24    <= 25    <= 26
 2MASXJ101509.81+465954.9       848.1 423.2 0.0248 -1.0       <=  27     <= 16    <= 17    <= 31  nan nan   <= 78
 2MASXiJ110718.5+764141        1213.5 424.4 0.0172 -1.0       nan nan   <= 16    <= 13    <= 28    <= 10    <= 18
 SDSSJ111155.20+352947.3        790.2 424.7 0.0267  0.0273    250  26 <= 24    <= 30    <= 42    <= 41    <= 81
 2MASXJ110257.53+414603.4       302.6 428.4 0.0745 -1.0      nan nan  <= 29   nan nan   <= 24      nan nan  <= 32
 2MASXJ140916.38+262444.2       396.4 431.8 0.0561  0.0561    204   3   nan nan  <=  5    <=  7     nan nan   <= 11
 SDSSJ091452.64+282437.5        174.9 434.3 0.141  -1.0       <=  31     <= 20     nan nan  nan nan  nan nan    <= 45
 SDSSJ095638.90+411646.0        173.6 435.1 0.1426  0.1423    268   5 <=  5    <=  6    <= 10     nan nan  <= 17
 2MASXJ024248.74-082356.3      1482.7 436.6 0.0144 -1.0       <=  44     <= 22    <= 28     nan nan <= 30    <= 67
 2MASXJ111125.61+554435.8       179.6 436.7 0.1376  0.1385    542   5 <=  9    <= 10    <= 24    nan nan   <= 33
 SDSSJ095545.56+413429.8       1371.9 437.6 0.0157 -1.0       nan nan   <=  4    <=  3    <=  7    <=  6    <= 11
 SDSSJ100408.72+063037.7       5076.6 438.3 0.0042 -1.0       nan nan   nan nan   <= 18   nan nan    <= 34   nan nan
 SDSSJ110512.74+250352.3       4335.3 438.4 0.0049 -1.0       <=  31     <= 24    <= 14    <= 24    nan nan   <= 25
 SDSSJ111349.83+213115.7       4509.7 439.4 0.0047  0.0049    106   7 <=  3    nan nan   <=  8    <=  7    <=  8
 SDSSJ144653.20+402944.9        331.3 441.1 0.0697  0.0697    162  12 <= 11    <= 12    <= 24    <= 24    <= 48
 SDSSJ075106.86+290430.0        911.2 442.4 0.0241  0.024      32   3   nan nan   <=  5    <=  8    <=  9    <= 12
 2MASXJ134245.88+391303.8      2645.3 444.3 0.0082 -1.0       <=  21      nan nan   <= 13    <= 17    <= 27    <= 27
 SDSSJ115840.97-003549.8       1027.4 444.7 0.0214  0.0207    359  16 <= 18    <= 20    <= 32    <= 28    <= 37
 SDSSJ004208.22-102929.1        536.4 445.3 0.0421  0.042     239  19 <= 19    <= 17    <= 24    <= 31    <= 73
 SDSSJ082610.25+074420.5        357.7 446.0 0.0649 -1.0       nan nan  <= 16    <= 14    <= 25    <= 32    <= 53
 SDSSJ114015.59+655551.7        495.6 446.7 0.0459 -1.0      nan nan  <=  4     nan nan    nan nan  <=  7    <= 12
 SDSSJ100903.67+072201.1        497.8 452.1 0.0462 -1.0      nan nan    nan nan   nan nan   <= 29    <= 35    <= 80
 SDSSJ080416.19+433821.0        371.5 452.1 0.0632  0.0639   1375  88 <= 30    <= 20       nan nan  <= 33    <= 55
 SDSSJ105227.72-003624.2       1046.1 454.9 0.0215 -1.0       <=  26     <= 12    <= 15    nan nan   <= 18    <= 38
 SDSSJ145002.76+522422.5       9197.2 455.2 0.0024 -1.0       <=  81     <= 46    <= 38    <= 58    <= 68    <= 62
 2dFGRSN218Z179                8792.5 455.3 0.0025  0.0031    139   8 <=  8    <=  5    <=  9    <=  9    <= 17
 2MASXJ112219.81+574834.4       472.7 457.4 0.0495 -1.0       <=  56     <= 18    <= 18    nan nan   <= 42    nan nan
 SDSSJ091246.59+085620.1       5093.5 457.9 0.0044 -1.0       <= 100     nan nan   <= 40    <= 47    <= 38    <= 39
 SDSSJ133302.99+314900.7       2425.1 459.1 0.0092  0.0088    444  13  nan nan   <= 11    <= 18    <= 23    <= 39
 SDSSJ091458.38+281005.9        839.0 462.1 0.0274 -1.0       <=  28     <= 19    <= 30    <= 27    <= 28   nan nan
 2MASXJ105111.43+335934.9       403.6 465.3 0.0597  0.0593    280   7  nan nan   <=  9    <= 12    <=  6    <= 16
 SDSSJ110026.99+145200.9        865.3 466.3 0.0268  0.0269    326  15  nan nan <= 19    <= 23    <= 22    <= 37
 SDSSJ152855.84+283028.5        360.0 467.7 0.0679 -1.0       <=  21     <= 13    <= 10    <=  9    <= 15    <= 21
 SDSSJ105906.61+145904.0       1182.1 469.4 0.0196  0.018    1098  26  nan nan   nan nan  nan nan   <= 23    <= 24
 SDSSJ113431.78+033805.3       1155.8 469.6 0.0201  0.0189    176  20 <= 37     nan nan  <= 34    <= 36      nan nan
 SDSSJ100438.55+602758.2       3081.0 469.9 0.0074  0.0073    136  14   nan nan  nan nan   <= 20     nan nan  nan nan
 SDSSJ234510.55-005728.0        198.5 470.9 0.1336  0.1337    134  13 <= 19      nan nan  nan nan  nan nan    nan nan
 2MASXJ132645.78+443933.1       331.7 470.9 0.0748 -1.0       nan nan    nan nan   <= 42    <= 59    <= 84    <= 66
 2MASXJ134208.21+382440.0       377.4 474.3 0.0655 -1.0       <=  38     <= 21    <= 15    <= 20    <= 14    <= 30
 SDSSJ115217.86+543913.4        508.3 475.3 0.0477  0.0477    136   5   nan nan  nan nan   <=  8    <= 10    <= 17
 SDSSJ102945.54+504750.3        946.0 476.8 0.025  -1.0       nan nan   <=  9    <=  9    <= 14    <= 14    <= 30
 2MASXJ121056.34+315756.5       244.6 480.0 0.1073 -1.0       <=  33      nan nan   <= 18    <= 26     nan nan    <= 28
 SDSSJ081915.38+224214.1       3296.1 480.7 0.0071 -1.0       <=  30     nan nan   <= 15    <= 23    <= 26    <= 32
 SDSSJ025906.86+004306.4        565.2 481.5 0.0432 -1.0       <=  27     <= 18    <= 21     nan nan    <= 32     nan nan
 SDSSJ124623.33+481406.6       7756.2 481.7 0.0030  0.0038    226  12 <= 20    <= 14    <= 21   nan nan    <= 31
 SDSSJ100806.93+022042.2       3573.7 482.4 0.0066 -1.0       <=  27    nan nan    <= 13     nan nan   <= 18    <= 18
 SDSSJ112152.89+411347.8       3428.1 482.6 0.0068 -1.0       <=  15   nan nan   <=  5    nan nan  <= 15    <= 19
 SDSSJ161939.33+334736.1        411.6 482.6 0.0607 -1.0       nan nan <= 16    <= 20     nan nan  <= 19    <= 21
 2MASXJ152406.39+095443.2       350.1 483.2 0.0725 -1.0       nan nan <=  8    nan nan   nan nan  nan nan   <= 18
 SDSSJ110017.94+412609.1       2179.7 483.4 0.0108 -1.0       nan nan <= 21    nan nan   <= 23    <= 26      nan nan
 SDSSJ124440.73+340438.5        634.4 484.8 0.0386  0.0376    292  13   nan nan   <= 27    <= 22    <= 41       nan nan
 2MASXJ145739.38+263953.5      5518.0 485.0 0.0043 -1.0       <=  35     <= 28    <= 13     nan nan   <= 24    <= 23
 2dFGRSN280Z163                3903.9 486.0 0.0060  0.0068     58   7   nan nan    <=  5       nan nan nan nan   <=  9
 SDSSJ134252.05+051415.2        862.3 486.9 0.0281 -1.0       <=  23     <= 14    <= 15    <= 28    <= 39    <= 27
 SDSSJ124826.11+314318.5       8341.2 487.1 0.0028  0.0026    636  80   nan nan <= 27    <= 58    <= 33      nan nan
 SDSSJ115045.90+543935.2        323.9 488.6 0.0799 -1.0       <=  14     <=  8    <=  6    <=  9    <= 10    <= 16
 2MASXJ170522.10+604207.5       330.9 489.7 0.0783  0.0786     24   7 <= 11    <= 11    <= 28    <= 18    <= 17
 SDSSJ092155.18+453404.3       2513.8 489.8 0.0095  0.0103    220  14   nan nan   <= 10    <= 18     nan nan    <= 20
 SDSSJ091041.20+101601.8        200.6 489.8 0.1382  0.1375    239  31 <= 42    <= 38    <= 66      nan nan    <= 34
 2MASXJ110427.56+314455.9       345.8 490.1 0.0746 -1.0       nan nan     nan nan  <= 13   nan nan    <= 25      nan nan
 SDSSJ134158.58-010046.7        895.1 492.6 0.0274 -1.0       <=  32     <= 15    <= 19    <= 29    <= 21    <= 36
 SDSSJ040118.32-054025.5        458.6 493.9 0.0554  0.0555    219  25 <= 17    <= 16     nan nan   <= 28    <= 44
 SDSSJ025405.61-005236.6       7353.2 494.0 0.0032 -1.0       nan nan     <= 33     nan nan    <= 27   nan nan   <= 25
 SDSSJ100449.25+014148.2        803.5 495.0 0.0308  0.0323    781  33   nan nan   <=  5    <= 12    <= 19    <= 25
 SDSSJ100521.89+013147.0        268.1 495.7 0.1003  0.0998   1397  13 <= 12    <= 11    nan nan   nan nan     nan nan
 2MASXJ111730.29+263804.7       395.1 496.7 0.0655  0.0652    400  19 <= 24    <= 15    <= 32    <= 32    <= 38
 SDSSJ162000.84+333246.1        810.5 496.7 0.0306 -1.0       <=  17     nan nan  <= 21    <=  8     nan nan   <= 27
 SDSSJ111044.91+555252.8        515.0 497.6 0.0494 -1.0       <= 109     <= 58    <= 10  <= 12    <= 14    <= 27
 SDSSJ100849.00+071204.7        218.1 498.3 0.1279  0.1283    304  18 <= 31    <= 22    <= 42       nan nan  <= 43
 SDSSJ113343.02+334037.9       9004.6 498.9 0.0027 -1.0       <=  18     <= 10    <=  6    <= 12    <=  9    <= 10
